episode,train_return,train_shared_return,train_shared_per_step,train_steps,eval_shared_return,eval_shared_per_step,eval_steps
1,96.0,-374.81841268857244,-0.3748184126885724,1000,-364.062973804296,-0.36406297380429603,1000
2,244.0,-360.0747269804243,-0.3600747269804243,1000,-364.062973804296,-0.36406297380429603,1000
3,96.0,-360.7895127893077,-0.3607895127893077,1000,-364.062973804296,-0.36406297380429603,1000
4,62.0,-379.0055597207978,-0.3790055597207978,1000,-364.062973804296,-0.36406297380429603,1000
5,134.0,-361.8727194744858,-0.3618727194744858,1000,-362.9392301128016,-0.3629392301128016,1000
6,204.0,-178.05031348699475,-0.17805031348699477,1000,-161.46314791643013,-0.16146314791643013,1000
7,198.0,-169.8204699256619,-0.1698204699256619,1000,-316.08450091913664,-0.31608450091913665,1000
8,110.0,-383.3579957854002,-0.3833579957854002,1000,-537.9338703520278,-0.5379338703520279,1000
9,476.0,-550.3237935976384,-0.5503237935976384,1000,-603.0237708635595,-0.6030237708635595,1000
10,616.0,-544.4553955316627,-0.5444553955316627,1000,-498.6695100242824,-0.4986695100242824,1000
11,918.0,-345.72328352738805,-0.34572328352738807,1000,-274.53736704865923,-0.2745373670486592,1000
12,970.0,-318.7336227992384,-0.3187336227992384,1000,-300.50335525431717,-0.30050335525431715,1000
13,986.0,-315.95010154676976,-0.3159501015467698,1000,-293.1174171032931,-0.29311741710329314,1000
14,966.0,-310.97868078165294,-0.3109786807816529,1000,-294.15522713675296,-0.29415522713675296,1000
15,958.0,-329.5110870556822,-0.3295110870556822,1000,-294.9505957966015,-0.2949505957966015,1000
16,974.0,-320.5255514664185,-0.3205255514664185,1000,-296.7499432255756,-0.2967499432255756,1000
17,974.0,-326.9624625147896,-0.3269624625147896,1000,-296.19172703014056,-0.2961917270301406,1000
18,944.0,-309.0922124326642,-0.3090922124326642,1000,-297.7330293119717,-0.29773302931197165,1000
19,992.0,-344.5254603394596,-0.3445254603394596,1000,-311.4570543243666,-0.3114570543243666,1000
20,964.0,-311.7738310180674,-0.31177383101806744,1000,-304.58256907818026,-0.30458256907818027,1000
21,964.0,-331.8752106374455,-0.3318752106374455,1000,-286.42454803711894,-0.2864245480371189,1000
22,874.0,-309.53422007565916,-0.30953422007565917,1000,-250.1107316845341,-0.2501107316845341,1000
23,684.0,-248.3163995582836,-0.24831639955828358,1000,-262.67296793319014,-0.2626729679331901,1000
24,834.0,-298.348870299016,-0.298348870299016,1000,-271.0010159281597,-0.27100101592815967,1000
25,838.0,-284.1732175957422,-0.2841732175957422,1000,-257.8435776816631,-0.2578435776816631,1000
26,862.0,-276.7223172320224,-0.2767223172320224,1000,-241.19058920798716,-0.24119058920798717,1000
27,788.0,-267.0174464806131,-0.2670174464806131,1000,-251.6593266330983,-0.2516593266330983,1000
28,772.0,-279.66823375292444,-0.27966823375292443,1000,-255.20580231037772,-0.2552058023103777,1000
29,778.0,-288.33782707882153,-0.28833782707882155,1000,-254.37765531268445,-0.25437765531268447,1000
30,818.0,-301.06334009001847,-0.30106334009001845,1000,-265.24553670709696,-0.26524553670709694,1000
31,760.0,-264.6729032971997,-0.26467290329719967,1000,-244.6605277068559,-0.2446605277068559,1000
32,862.0,-307.9921490238941,-0.3079921490238941,1000,-455.24931781886943,-0.4552493178188694,1000
33,622.0,-441.70029285085707,-0.44170029285085705,1000,-497.84882877397297,-0.49784882877397296,1000
34,432.0,-520.1777644835337,-0.5201777644835337,1000,-541.6959716437461,-0.5416959716437462,1000
35,196.0,-560.0398281252288,-0.5600398281252288,1000,-549.4517806202903,-0.5494517806202903,1000
36,294.0,-527.8367386473867,-0.5278367386473867,1000,-555.4087337566357,-0.5554087337566357,1000
37,308.0,-527.5339913463631,-0.5275339913463631,1000,-557.3314149675228,-0.5573314149675228,1000
38,328.0,-555.1437201397131,-0.5551437201397131,1000,-585.6156086863662,-0.5856156086863662,1000
39,254.0,-533.4534571085703,-0.5334534571085703,1000,-569.2872920145489,-0.569287292014549,1000
40,322.0,-568.531724256258,-0.568531724256258,1000,-573.6072467249244,-0.5736072467249244,1000
41,136.0,-592.0743453732939,-0.592074345373294,1000,-581.5133255779373,-0.5815133255779373,1000
42,356.0,-535.6900050084519,-0.5356900050084519,1000,-577.4687868008917,-0.5774687868008918,1000
43,314.0,-567.4823146656862,-0.5674823146656862,1000,-592.2605452988468,-0.5922605452988468,1000
44,518.0,-556.0647392856122,-0.5560647392856122,1000,-594.4730508153432,-0.5944730508153432,1000
45,292.0,-591.8913305596823,-0.5918913305596822,1000,-597.0064260890676,-0.5970064260890676,1000
46,384.0,-577.0982032292146,-0.5770982032292146,1000,-595.9217812624206,-0.5959217812624206,1000
47,520.0,-571.0246738904592,-0.5710246738904592,1000,-603.000817241623,-0.603000817241623,1000
48,372.0,-584.4063433295729,-0.5844063433295729,1000,-602.4172728969148,-0.6024172728969148,1000
49,494.0,-557.9459605839859,-0.5579459605839859,1000,-588.4832312309916,-0.5884832312309916,1000
50,388.0,-563.3265094505872,-0.5633265094505872,1000,-617.9075050611899,-0.6179075050611899,1000
51,468.0,-569.153982149948,-0.569153982149948,1000,-601.4044453972226,-0.6014044453972226,1000
52,424.0,-564.1421885352588,-0.5641421885352588,1000,-598.9689216751104,-0.5989689216751104,1000
53,446.0,-597.235180322354,-0.597235180322354,1000,-569.7186250468319,-0.5697186250468319,1000
54,502.0,-554.5861414228103,-0.5545861414228104,1000,-534.8683759643206,-0.5348683759643207,1000
55,682.0,-477.3329471412485,-0.4773329471412485,1000,-535.5478214035122,-0.5355478214035122,1000
56,618.0,-537.5718140357092,-0.5375718140357092,1000,-571.7910030904749,-0.5717910030904749,1000
57,500.0,-513.2100617921338,-0.5132100617921338,1000,-587.2194579781226,-0.5872194579781226,1000
58,488.0,-549.6523688157417,-0.5496523688157418,1000,-595.3705737672807,-0.5953705737672806,1000
59,584.0,-514.9330906322726,-0.5149330906322727,1000,-553.8080879468256,-0.5538080879468256,1000
60,690.0,-495.5403278665003,-0.4955403278665003,1000,-560.3261817324207,-0.5603261817324207,1000
61,646.0,-497.7402404706347,-0.4977402404706347,1000,-573.8067732452544,-0.5738067732452543,1000
62,526.0,-536.8410653181942,-0.5368410653181942,1000,-595.5515121621075,-0.5955515121621076,1000
63,534.0,-535.3774839696418,-0.5353774839696418,1000,-509.31428635130396,-0.5093142863513039,1000
64,816.0,-464.34492695790635,-0.46434492695790636,1000,-518.1257999826116,-0.5181257999826117,1000
65,746.0,-500.33778186367584,-0.5003377818636758,1000,-533.819852017306,-0.533819852017306,1000
66,668.0,-490.2902895716714,-0.49029028957167137,1000,-512.102981644204,-0.512102981644204,1000
67,774.0,-466.75628839027877,-0.4667562883902788,1000,-558.0273076863842,-0.5580273076863842,1000
68,642.0,-522.6886524920062,-0.5226886524920062,1000,-573.5872689542746,-0.5735872689542746,1000
69,426.0,-557.9137941442527,-0.5579137941442527,1000,-608.7486157842549,-0.6087486157842549,1000
70,482.0,-560.7730079575751,-0.5607730079575751,1000,-586.47878338961,-0.58647878338961,1000
71,494.0,-576.1238288548656,-0.5761238288548656,1000,-608.4531438435838,-0.6084531438435838,1000
72,532.0,-507.78613811058125,-0.5077861381105813,1000,-595.3013575993541,-0.5953013575993541,1000
73,622.0,-553.6389316436043,-0.5536389316436043,1000,-577.2820580949506,-0.5772820580949506,1000
74,648.0,-551.2265999606645,-0.5512265999606646,1000,-573.4092547218636,-0.5734092547218635,1000
75,644.0,-541.3423393165298,-0.5413423393165298,1000,-598.629090588961,-0.5986290905889611,1000
76,780.0,-453.4347419441645,-0.4534347419441645,1000,-480.3434063143949,-0.48034340631439487,1000
77,854.0,-459.39632162804145,-0.45939632162804145,1000,-514.4926181889533,-0.5144926181889533,1000
78,680.0,-507.03303065172037,-0.5070330306517203,1000,-486.83850906461925,-0.48683850906461923,1000
79,858.0,-459.7706252105721,-0.4597706252105721,1000,-478.07899786992994,-0.4780789978699299,1000
80,840.0,-447.38554667096423,-0.44738554667096425,1000,-459.7943209797116,-0.45979432097971157,1000
81,678.0,-493.2045822171449,-0.4932045822171449,1000,-486.9124927349519,-0.4869124927349519,1000
82,810.0,-425.67753398705173,-0.4256775339870517,1000,-415.2260274442959,-0.4152260274442959,1000
83,830.0,-432.12754292050323,-0.4321275429205032,1000,-459.8587129355508,-0.4598587129355508,1000
84,818.0,-436.41997784088505,-0.43641997784088504,1000,-438.22214985463296,-0.438222149854633,1000
85,808.0,-412.5461196728685,-0.41254611967286847,1000,-418.1634735934053,-0.4181634735934053,1000
86,814.0,-422.2589284485192,-0.4222589284485192,1000,-419.1256319187609,-0.4191256319187609,1000
87,796.0,-398.1600151110281,-0.3981600151110281,1000,-428.64385749619345,-0.42864385749619344,1000
88,802.0,-428.08972217265466,-0.4280897221726547,1000,-456.37396019055467,-0.45637396019055465,1000
89,796.0,-426.31901113416126,-0.42631901113416126,1000,-454.7361657002057,-0.4547361657002057,1000
90,704.0,-485.9105453054001,-0.48591054530540007,1000,-427.45465976441227,-0.42745465976441227,1000
91,764.0,-437.2396468545718,-0.4372396468545718,1000,-444.3464114850839,-0.44434641148508386,1000
92,798.0,-422.49782467051625,-0.4224978246705163,1000,-391.1554755700859,-0.3911554755700859,1000
93,770.0,-444.31728547697475,-0.44431728547697474,1000,-457.17939075107455,-0.45717939075107455,1000
94,838.0,-373.79148849279306,-0.3737914884927931,1000,-353.88116336867887,-0.35388116336867886,1000
95,970.0,-369.4551056835379,-0.3694551056835379,1000,-353.8569666061994,-0.3538569666061994,1000
96,946.0,-345.81563144005867,-0.34581563144005867,1000,-355.2931552963212,-0.35529315529632116,1000
97,954.0,-346.50514393588264,-0.34650514393588266,1000,-355.25642397772947,-0.3552564239777295,1000
98,932.0,-344.7622579254291,-0.3447622579254291,1000,-359.3593760462616,-0.3593593760462616,1000
99,926.0,-339.3372970523172,-0.3393372970523172,1000,-363.0302739213823,-0.36303027392138226,1000
100,910.0,-357.2072123019202,-0.3572072123019202,1000,-364.2286731233325,-0.3642286731233325,1000
